296

vania, y dokanchany vszakojachkeh 1303133003 buda opravlali, 133 131
001301 330003111 33311 011 01103100 11303,003313333113311113031303133,
0111331010 1313] 1313010311 budu (1113111

11331100 quarto: Vu 011331000310 001333013331111 0033130113ηο
00131001, da 033113 13 1003 3030 hajaju 031113 10011313, 13111 00001
0101310011 03311003311331101111,131003 3133311, 03031101 3311 bili ob·
chinu 00 333131 03 szvoju 31130 03000311311, 3010 013113 0003313003

0131311 y 1130311, 131 1310 0111001 31001301, 03311131030131101, 00 11111,
1 3103130011 31333113311011030311ς 3310 od 033113 031 333 01131130 03-
00110113 00 obcbini, y szuchiah vota na 3300111 331330 3133130311, 131
3101110]Ι 01300111 0110110111, 13100 131011 31031303330 1330311131
3003110101, vu takvom chinu 3311000100 30311130, 01 333010 1310110
0111010 331101113οἰ3 3133311 ima 333 1030100311, 0300 003113113 vsza·
kojachkih chasztih 03000011300030131130 po 3313311311 33111111 y na
1133033300 010133131111 ima 333 313311

1)301010 quinto: Med osztalem do 33311 03000110130001 1311010
znaideno ie 1110, da iz 111003 31013 111311 lyucztvom 03311131, ne
1301131110100313030103311111 praetensie y tusbe 0111111103 pervo daju
333, 13111 ova 13313 11130333 03301013003 1333103 do 033113 03 13311
03031101 3311 1113 3110111, y na piszmu niszu 333 00331301313, 131
13(13 je jeden 3030 01110311, 311111013103011 333, 033003113 13100010
013313031010 illiti 11131100 033 1311301131 11010001300111 01311 000003
30303101313113311, 13111131103 33113013 0330031 13 1113113 3 1111103
33133013 3 11010031300310 0330003 30303, 13 333 branila, vupuchenya
0310, y 0011113103 33110001101303 01 1110, jeli to (1001103003 y 131 do·
10031300, 1310111011 00003100301133303 med lyucztvom 0333113303
131013, 1 0111331010 0313033103 030111113 133311 333 033300313; 01110113
da takovim z (1013101 3311010 0111 333 33033, 0033000 3030 33 001033111
11111111, 3 0033000 01333030331130003313 0131103 10310 013010030οε
(1030110110 imati, 033311 303331 jeden prothocolum, kamo takova
0010303331 01301003003 budu 3301333031, y odtud 1310031101311313003
00113101031301,00131 0311131103 1013010030οι1 1113313113, 3100 3303-
110013033103 1131100303 131003111313, 111111 0133130313 110130013003,11111111
030 (130311, 13111 0310 budu 031333 1100003003, 003 00 1130311011
03301131 0113111131, 111111 030333303301 111113 333 13031330313,1110130·
31313, 13113 0310 0033000 3030 3030 101313 11 01300111 013111, 011 vre-
menu odschesztka, 13100 010110301001 33 0011310313 0033 0033130-
10303 1303133003 szvojemu substitutusou illiti 031033310110111113 (111330
03313011, 0 331101

Decimo 3311101 Ζ3110131 y ovo med osztalem potrebnem dobrem
3311010 1103 333 011131330311, (1300131110101301301130131103 011 mi·

 

